    2   'Bg'   -0.263587    1.128339
    3   'Cg'   -0.744599    0.254762
    7   'Aprig'    1.023803    0.551511
    8   'Bprig'   -0.662219    0.124028
    9   'Cprig'    2.551075    5.421750
   10   'Dprig'   25.537748   12.831226
   11   'Auv'    0.000000    0.000000
   12   'Buv'    0.000000    0.000000
   21   'Adv'    0.000000    0.000000
   22   'Bdv'    0.000000    0.000000
   41   'AUbar'    1.263769    0.967939
   42   'BDbar'    1.011993    1.296076
   43   'CDbar'    5.619052  121.105262
  101   'alphas'    0.118000    0.000000
  102   'fs'    0.400000    0.000000
  103   'fcharm'    0.000000    0.000000
