    2   'Bg'   13.203876    1.400612
    3   'Cg'    3.351028    1.324666
    7   'Aprig'    1.919540    1.411193
    8   'Bprig'   -0.657421    0.097394
    9   'Cprig'  162.417053    1.414213
   10   'Dprig'   24.936946    1.414169
   11   'Auv'    0.000000    0.000000
   12   'Buv'    0.000000    0.000000
   21   'Adv'    0.000000    0.000000
   22   'Bdv'    0.000000    0.000000
   41   'AUbar'    1.208032    0.830149
   42   'BDbar'    1.855286    1.244858
   43   'CDbar'  127.122095    1.414213
  101   'alphas'    0.118000    0.000000
  102   'fs'    0.400000    0.000000
  103   'fcharm'    0.000000    0.000000
