    2   'Bg'    8.605608    7.910166
    3   'Cg'   25.011948   26.860413
    7   'Aprig'    3.085300    3.402435
    8   'Bprig'   -0.749534    0.118433
    9   'Cprig'  169.892303  756.971793
   10   'Dprig'    1.431288    3.740416
   11   'Auv'    0.000000    0.000000
   12   'Buv'    0.000000    0.000000
   21   'Adv'    0.000000    0.000000
   22   'Bdv'    0.000000    0.000000
   41   'AUbar'    1.281423    0.263671
   42   'BDbar'    0.541147    0.180690
   43   'CDbar'   18.000440  159.400398
  101   'alphas'    0.118000    0.000000
  102   'fs'    0.400000    0.000000
  103   'fcharm'    0.000000    0.000000
