           1
        4043
 Starting scale only                                                             
Plot1@Experiment:StartingScaleOnly @ExtraLabel:#gamma#gamma #rightarrow X @XTitle: x @YTitle: F_{2}^{#gamma} @Title:Q^{2} = 2.8 @Xlog
 Q2          x           dummy          data      +- uncor     +- tot     th orig         th mod   therr+         therr-     pull    iset       iplot
 0.28000E+01 0.40000E-01 0.00000E+00 0.13370E+00 0.17923E-01 0.17700E-01 0.13709E+00 0.13709E+00 0.00000E+00 0.00000E+00 -.18888E+00 4043   1/0.40000E-01
 0.28000E+01 0.11800E+00 0.00000E+00 0.23390E+00 0.29567E-01 0.30500E-01 0.21980E+00 0.21980E+00 0.00000E+00 0.00000E+00 0.47682E+00 4043   1/0.11800E+00
 0.28000E+01 0.22700E+00 0.00000E+00 0.19820E+00 0.41605E-01 0.41900E-01 0.19542E+00 0.19542E+00 0.00000E+00 0.00000E+00 0.66788E-01 4043   1/0.22700E+00
 0.28000E+01 0.45000E+00 0.00000E+00 0.16030E+00 0.32949E-01 0.33100E-01 0.15884E+00 0.15884E+00 0.00000E+00 0.00000E+00 0.44186E-01 4043   1/0.45000E+00
 0.30000E+01 0.50000E-01 0.00000E+00 0.15000E+00 0.19615E-01 0.20000E-01 0.14428E+00 0.14428E+00 0.00000E+00 0.00000E+00 0.29167E+00 4043   1/0.50000E-01
 0.30000E+01 0.15000E+00 0.00000E+00 0.22000E+00 0.30863E-01 0.30000E-01 0.23283E+00 0.23283E+00 0.00000E+00 0.00000E+00 -.41585E+00 4043   1/0.15000E+00
 0.30000E+01 0.25000E+00 0.00000E+00 0.20000E+00 0.38061E-01 0.40000E-01 0.18108E+00 0.18108E+00 0.00000E+00 0.00000E+00 0.49711E+00 4043   1/0.25000E+00
 0.30000E+01 0.40000E+00 0.00000E+00 0.16000E+00 0.30200E-01 0.30000E-01 0.16214E+00 0.16214E+00 0.00000E+00 0.00000E+00 -.70907E-01 4043   1/0.40000E+00
