    2   'Bg'    9.125716   15.777654
    3   'Cg'   -0.999660    0.000492
    7   'Aprig'    4.036762    7.120950
    8   'Bprig'    0.015124    1.580518
    9   'Cprig'   -0.998482    0.002080
   10   'Dprig'   22.411594   32.660750
   11   'Auv'    0.000000    0.000000
   12   'Buv'    0.000000    0.000000
   21   'Adv'    0.000000    0.000000
   22   'Bdv'    0.000000    0.000000
   41   'AUbar'    0.292042    0.117216
   42   'BDbar'    0.091987    0.161627
   43   'CDbar'    2.428753    6.004129
  101   'alphas'    0.118000    0.000000
  102   'fs'    0.400000    0.000000
  103   'fcharm'    0.000000    0.000000
