    2   'Bg'    6.263713   36.465739
    3   'Cg'    1.341921   19.048585
    7   'Aprig'    1.010135    2.506063
    8   'Bprig'   -0.689023    0.375588
    9   'Cprig'   23.839763  192.403999
   10   'Dprig'   25.203097   50.174585
   11   'Auv'    0.000000    0.000000
   12   'Buv'    0.000000    0.000000
   21   'Adv'    0.000000    0.000000
   22   'Bdv'    0.000000    0.000000
   41   'AUbar'    1.072242   18.123519
   42   'BDbar'    0.941336   23.273781
   43   'CDbar'   10.465144 1332.474593
  101   'alphas'    0.118000    0.000000
  102   'fs'    0.400000    0.000000
  103   'fcharm'    0.000000    0.000000
