    2   'Bg'   -0.710941  328.526958
    3   'Cg'   -1.934063   98.277771
    7   'Aprig'    1.061504    7.754354
    8   'Bprig'   -0.849917   17.768041
    9   'Cprig'    0.132293   11.419894
   10   'Dprig'   21.70180120627.587865
   11   'Auv'    0.000000    0.000000
   12   'Buv'    0.000000    0.000000
   21   'Adv'    0.000000    0.000000
   22   'Bdv'    0.000000    0.000000
   41   'AUbar'    1.829056    1.218261
   42   'BDbar'    0.392888    0.543257
   43   'CDbar'   41.616147 1999.078886
  101   'alphas'    0.118000    0.000000
  102   'fs'    0.400000    0.000000
  103   'fcharm'    0.000000    0.000000
