           1
        4041
 Starting scale only                                                             
Plot1@Experiment:StartingScaleOnly @ExtraLabel:#gamma#gamma #rightarrow X @XTitle: x @YTitle: F_{2}^{#gamma} @Title:Q^{2} = 16.0 @Xlog
 Q2          x           dummy          data      +- uncor     +- tot     th orig         th mod   therr+         therr-     pull    iset       iplot
 0.16000E+02 0.85000E-01 0.00000E+00 0.60000E+00 0.70533E-01 0.10000E+00 0.29849E+00 0.29849E+00 0.00000E+00 0.00000E+00 0.42747E+01 4041   1/0.85000E-01
 0.16000E+02 0.24000E+00 0.00000E+00 0.56000E+00 0.86284E-01 0.98489E-01 0.42981E+00 0.42981E+00 0.00000E+00 0.00000E+00 0.15088E+01 4041   1/0.24000E+00
 0.16000E+02 0.55500E+00 0.00000E+00 0.46000E+00 0.18281E+00 0.16155E+00 0.58903E+00 0.58903E+00 0.00000E+00 0.00000E+00 -.70581E+00 4041   1/0.55500E+00
 0.16700E+02 0.13000E-01 0.00000E+00 0.31000E+00 0.36205E-01 0.37148E-01 0.29446E+00 0.29446E+00 0.00000E+00 0.00000E+00 0.42935E+00 4041   1/0.13000E-01
 0.16700E+02 0.31000E-01 0.00000E+00 0.25800E+00 0.26215E-01 0.25768E-01 0.26702E+00 0.26702E+00 0.00000E+00 0.00000E+00 -.34401E+00 4041   1/0.31000E-01
 0.16700E+02 0.50000E-01 0.00000E+00 0.27500E+00 0.25110E-01 0.25080E-01 0.27567E+00 0.27567E+00 0.00000E+00 0.00000E+00 -.26551E-01 4041   1/0.50000E-01
 0.16700E+02 0.75000E-01 0.00000E+00 0.28800E+00 0.19811E-01 0.19519E-01 0.29669E+00 0.29669E+00 0.00000E+00 0.00000E+00 -.43861E+00 4041   1/0.75000E-01
 0.16700E+02 0.10000E+00 0.00000E+00 0.31600E+00 0.24467E-01 0.24290E-01 0.32063E+00 0.32063E+00 0.00000E+00 0.00000E+00 -.18913E+00 4041   1/0.10000E+00
 0.16700E+02 0.14000E+00 0.00000E+00 0.33700E+00 0.22397E-01 0.21772E-01 0.35664E+00 0.35664E+00 0.00000E+00 0.00000E+00 -.87689E+00 4041   1/0.14000E+00
 0.16700E+02 0.18000E+00 0.00000E+00 0.38100E+00 0.24461E-01 0.24187E-01 0.38969E+00 0.38969E+00 0.00000E+00 0.00000E+00 -.35543E+00 4041   1/0.18000E+00
 0.16700E+02 0.23000E+00 0.00000E+00 0.42400E+00 0.26825E-01 0.26721E-01 0.42730E+00 0.42730E+00 0.00000E+00 0.00000E+00 -.12314E+00 4041   1/0.23000E+00
 0.16700E+02 0.29000E+00 0.00000E+00 0.47100E+00 0.28253E-01 0.28373E-01 0.46702E+00 0.46702E+00 0.00000E+00 0.00000E+00 0.14070E+00 4041   1/0.29000E+00
 0.16700E+02 0.36000E+00 0.00000E+00 0.51000E+00 0.31116E-01 0.31209E-01 0.50697E+00 0.50697E+00 0.00000E+00 0.00000E+00 0.97499E-01 4041   1/0.36000E+00
 0.16700E+02 0.42000E+00 0.00000E+00 0.55100E+00 0.42259E-01 0.42755E-01 0.53829E+00 0.53829E+00 0.00000E+00 0.00000E+00 0.30078E+00 4041   1/0.42000E+00
