    2   'Bg'   -0.962439    0.020025
    3   'Cg'   -0.483336    0.767517
    7   'Aprig'    1.177547    0.484602
    8   'Bprig'   -0.830220    0.052549
    9   'Cprig'  163.475519  532.017440
   10   'Dprig'   33.464163   18.251129
   11   'Auv'    0.000000    0.000000
   12   'Buv'    0.000000    0.000000
   21   'Adv'    0.000000    0.000000
   22   'Bdv'    0.000000    0.000000
   41   'AUbar'    1.300986    0.223378
   42   'BDbar'    0.615298    0.118145
   43   'CDbar'    0.902511    1.078619
  101   'alphas'    0.118000    0.000000
  102   'fs'    0.400000    0.000000
  103   'fcharm'    0.000000    0.000000
