           1
        4041
 Starting scale only                                                             
Plot1@Experiment:StartingScaleOnly @ExtraLabel:#gamma#gamma #rightarrow X @XTitle: x @YTitle: F_{2}^{#gamma} @Title:Q^{2} = 5.2/5.3 @Xlog
 Q2          x           dummy          data      +- uncor     +- tot     th orig         th mod   therr+         therr-     pull    iset       iplot
 0.52000E+01 0.50000E-01 0.00000E+00 0.13000E+00 0.66577E-01 0.50000E-01 0.23049E+00 0.23049E+00 0.00000E+00 0.00000E+00 -.15094E+01 4041   1/0.50000E-01
 0.52000E+01 0.15000E+00 0.00000E+00 0.30000E+00 0.40255E-01 0.40000E-01 0.30384E+00 0.30384E+00 0.00000E+00 0.00000E+00 -.95278E-01 4041   1/0.15000E+00
 0.52000E+01 0.25000E+00 0.00000E+00 0.37000E+00 0.53044E-01 0.60000E-01 0.28918E+00 0.28918E+00 0.00000E+00 0.00000E+00 0.15236E+01 4041   1/0.25000E+00
 0.52000E+01 0.40000E+00 0.00000E+00 0.30000E+00 0.62648E-01 0.60000E-01 0.32706E+00 0.32706E+00 0.00000E+00 0.00000E+00 -.43193E+00 4041   1/0.40000E+00
 0.53000E+01 0.53500E-01 0.00000E+00 0.24500E+00 0.14854E-01 0.15000E-01 0.24025E+00 0.24025E+00 0.00000E+00 0.00000E+00 0.31985E+00 4041   1/0.53500E-01
 0.53000E+01 0.12300E+00 0.00000E+00 0.30700E+00 0.99912E-02 0.10000E-01 0.30646E+00 0.30646E+00 0.00000E+00 0.00000E+00 0.54056E-01 4041   1/0.12300E+00
 0.53000E+01 0.24650E+00 0.00000E+00 0.27700E+00 0.25824E-01 0.25000E-01 0.29557E+00 0.29557E+00 0.00000E+00 0.00000E+00 -.71902E+00 4041   1/0.24650E+00
 0.53000E+01 0.40450E+00 0.00000E+00 0.32900E+00 0.37286E-01 0.37000E-01 0.33411E+00 0.33411E+00 0.00000E+00 0.00000E+00 -.13707E+00 4041   1/0.40450E+00
 0.53000E+01 0.57000E+00 0.00000E+00 0.43900E+00 0.48936E-01 0.52000E-01 0.38878E+00 0.38878E+00 0.00000E+00 0.00000E+00 0.10261E+01 4041   1/0.57000E+00
 0.53000E+01 0.74500E+00 0.00000E+00 0.36100E+00 0.82738E-01 0.76000E-01 0.42784E+00 0.42784E+00 0.00000E+00 0.00000E+00 -.80791E+00 4041   1/0.74500E+00
