    2   'Bg'    2.581840    3.389480
    3   'Cg'    1.708315    3.386719
    7   'Aprig'    0.943901    0.587051
    8   'Bprig'   -0.725996    0.074024
    9   'Cprig'   94.063118  211.951032
   10   'Dprig'   23.928163   18.687037
   11   'Auv'    0.000000    0.000000
   12   'Buv'    0.000000    0.000000
   21   'Adv'    0.000000    0.000000
   22   'Bdv'    0.000000    0.000000
   41   'AUbar'    0.812350    0.215367
   42   'BDbar'    0.573588    0.229508
   43   'CDbar'    0.659814    1.028004
  101   'alphas'    0.118000    0.000000
  102   'fs'    0.400000    0.000000
  103   'fcharm'    0.000000    0.000000
