    2   'Bg'    0.000000    0.777953
    3   'Cg'    1.079688    5.816689
    7   'Aprig'    1.000000    0.050834
    8   'Bprig'   -0.718752    0.009816
    9   'Cprig'   25.000000   61.878554
   10   'Dprig'   25.000000   11.988710
   11   'Auv'    0.000000    0.000000
   12   'Buv'    0.000000    0.000000
   21   'Adv'    0.000000    0.000000
   22   'Bdv'    0.000000    0.000000
   41   'AUbar'    1.000000    0.109081
   42   'BDbar'    1.000000    7.236928
   43   'CDbar'    0.011190    0.069815
  101   'alphas'    0.118000    0.000000
  102   'fs'    0.400000    0.000000
  103   'fcharm'    0.000000    0.000000
