    2   'Bg'    3.436061   18.923334
    3   'Cg'    1.081010   10.266325
    7   'Aprig'    0.999985    3.037203
    8   'Bprig'   -0.766392    0.390627
    9   'Cprig'   25.001602  332.777685
   10   'Dprig'   24.999608   81.187431
   11   'Auv'    0.000000    0.000000
   12   'Buv'    0.000000    0.000000
   21   'Adv'    0.000000    0.000000
   22   'Bdv'    0.000000    0.000000
   41   'AUbar'    0.999177  171.483374
   42   'BDbar'    1.507839   29.403673
   43   'CDbar'    0.215319    9.350689
  101   'alphas'    0.118000    0.000000
  102   'fs'    0.400000    0.000000
  103   'fcharm'    0.000000    0.000000
