           1
        4041
 Starting scale only                                                             
Plot1@Experiment:StartingScaleOnly @ExtraLabel:#gamma#gamma #rightarrow X @XTitle: x @YTitle: F_{2}^{#gamma} @Title:Q^{2} = 14.5 @Xlog
 Q2          x           dummy          data      +- uncor     +- tot     th orig         th mod   therr+         therr-     pull    iset       iplot
 0.14500E+02 0.60000E-01 0.00000E+00 0.37000E+00 0.81878E+00 0.90050E+00 0.30589E+00 0.30589E+00 0.00000E+00 0.00000E+00 0.78300E-01 4041   1/0.60000E-01
 0.14500E+02 0.17500E+00 0.00000E+00 0.42000E+00 0.49920E-01 0.50000E-01 0.41865E+00 0.41865E+00 0.00000E+00 0.00000E+00 0.27043E-01 4041   1/0.17500E+00
 0.14500E+02 0.42500E+00 0.00000E+00 0.39000E+00 0.11994E+00 0.11662E+00 0.41256E+00 0.41256E+00 0.00000E+00 0.00000E+00 -.18805E+00 4041   1/0.42500E+00
 0.14700E+02 0.71500E-01 0.00000E+00 0.32500E+00 0.59560E-01 0.59135E-01 0.32969E+00 0.32969E+00 0.00000E+00 0.00000E+00 -.78665E-01 4041   1/0.71500E-01
 0.14700E+02 0.23050E+00 0.00000E+00 0.46500E+00 0.50626E-01 0.52479E-01 0.43275E+00 0.43275E+00 0.00000E+00 0.00000E+00 0.63712E+00 4041   1/0.23050E+00
 0.14700E+02 0.42300E+00 0.00000E+00 0.44600E+00 0.61871E-01 0.63561E-01 0.42259E+00 0.42259E+00 0.00000E+00 0.00000E+00 0.37832E+00 4041   1/0.42300E+00
 0.14700E+02 0.67900E+00 0.00000E+00 0.40900E+00 0.12868E+00 0.12630E+00 0.42457E+00 0.42457E+00 0.00000E+00 0.00000E+00 -.12097E+00 4041   1/0.67900E+00
 0.14700E+02 0.71500E-01 0.00000E+00 0.38000E+00 0.93609E-01 0.10050E+00 0.32969E+00 0.32969E+00 0.00000E+00 0.00000E+00 0.53750E+00 4041   1/0.71500E-01
 0.14700E+02 0.23050E+00 0.00000E+00 0.41000E+00 0.45945E-01 0.44721E-01 0.43275E+00 0.43275E+00 0.00000E+00 0.00000E+00 -.49506E+00 4041   1/0.23050E+00
 0.14700E+02 0.42300E+00 0.00000E+00 0.41000E+00 0.10599E+00 0.10440E+00 0.42259E+00 0.42259E+00 0.00000E+00 0.00000E+00 -.11881E+00 4041   1/0.42300E+00
 0.14700E+02 0.67900E+00 0.00000E+00 0.54000E+00 0.20005E+00 0.22561E+00 0.42457E+00 0.42457E+00 0.00000E+00 0.00000E+00 0.57703E+00 4041   1/0.67900E+00
