    2   'Bg'    0.520010    0.964531
    3   'Cg'   -0.578021    0.421288
    7   'Aprig'    1.512539    0.810690
    8   'Bprig'   -0.732030    0.064158
    9   'Cprig'   87.061580  179.128371
   10   'Dprig'   44.089457   27.342629
   11   'Auv'    0.000000    0.000000
   12   'Buv'    0.000000    0.000000
   21   'Adv'    0.000000    0.000000
   22   'Bdv'    0.000000    0.000000
   41   'AUbar'    1.497466    0.944478
   42   'BDbar'    2.454709    1.505761
   43   'CDbar'    0.150617    0.710393
  101   'alphas'    0.118000    0.000000
  102   'fs'    0.400000    0.000000
  103   'fcharm'    0.000000    0.000000
