    2   'Bg'   17.313492    1.724305
    3   'Cg'   -0.830877    0.015548
    7   'Aprig'************************
    8   'Bprig'    4.702093    0.107647
    9   'Cprig'   25.000000    0.000000
   10   'Dprig'   57.456906    5.072951
   11   'Auv'    0.000000    0.000000
   12   'Buv'    0.000000    0.000000
   21   'Adv'    0.000000    0.000000
   22   'Bdv'    0.000000    0.000000
   41   'AUbar'    0.362816    0.036681
   42   'BDbar'    0.011401    0.048524
   43   'CDbar'  168.652426  333.710532
  101   'alphas'    0.118000    0.000000
  102   'fs'    0.400000    0.000000
  103   'fcharm'    0.000000    0.000000
