    2   'Bg'   -0.935753    0.213791
    3   'Cg'   12.136319   40.685084
    7   'Aprig'    3.453259   24.756118
    8   'Bprig'   -0.775450    1.051568
    9   'Cprig'    3.568194   23.014057
   10   'Dprig'   15.069362   94.146838
   11   'Auv'    0.000000    0.000000
   12   'Buv'    0.000000    0.000000
   21   'Adv'    0.000000    0.000000
   22   'Bdv'    0.000000    0.000000
   41   'AUbar'    0.685903    0.719445
   42   'BDbar'    0.157285    0.448463
   43   'CDbar'    2.739375   13.411710
  101   'alphas'    0.118000    0.000000
  102   'fs'    0.400000    0.000000
  103   'fcharm'    0.000000    0.000000
