    2   'Bg'    2.179751    5.301336
    3   'Cg'    0.916449    4.170527
    7   'Aprig'    1.382181    1.672786
    8   'Bprig'   -0.854291    0.098601
    9   'Cprig'  154.773170 1245.779433
   10   'Dprig'    8.040005   10.632417
   11   'Auv'    0.000000    0.000000
   12   'Buv'    0.000000    0.000000
   21   'Adv'    0.000000    0.000000
   22   'Bdv'    0.000000    0.000000
   41   'AUbar'    3.081147    3.954091
   42   'BDbar'    3.985703    9.782728
   43   'CDbar'    6.239165 1157.347442
  101   'alphas'    0.118000    0.000000
  102   'fs'    0.400000    0.000000
  103   'fcharm'    0.000000    0.000000
