    2   'Bg'    1.744850    9.456672
    3   'Cg'   -0.967743    0.086515
    7   'Aprig'    1.179421    4.518357
    8   'Bprig'   -0.682002    2.082972
    9   'Cprig'   -0.805001    0.798969
   10   'Dprig'   31.200701   84.467558
   11   'Auv'    0.000000    0.000000
   12   'Buv'    0.000000    0.000000
   21   'Adv'    0.000000    0.000000
   22   'Bdv'    0.000000    0.000000
   41   'AUbar'    0.417558    0.234652
   42   'BDbar'    0.002833    0.269897
   43   'CDbar'    5.594911   65.545865
  101   'alphas'    0.118000    0.000000
  102   'fs'    0.400000    0.000000
  103   'fcharm'    0.000000    0.000000
