    2   'Bg'   -0.851277    0.308252
    3   'Cg'   18.491798   22.171995
    7   'Aprig'    1.120112    0.123389
    8   'Bprig'   -0.922512    0.005887
    9   'Cprig'  166.904678  214.671420
   10   'Dprig'   58.780194  127.185261
   11   'Auv'    0.000000    0.000000
   12   'Buv'    0.000000    0.000000
   21   'Adv'    0.000000    0.000000
   22   'Bdv'    0.000000    0.000000
   41   'AUbar'    0.338318    0.028674
   42   'BDbar'    0.087814    0.027287
   43   'CDbar'   -0.929110    0.007536
  101   'alphas'    0.118000    0.000000
  102   'fs'    0.400000    0.000000
  103   'fcharm'    0.000000    0.000000
