    2   'Bg'    1.645031    4.169927
    3   'Cg'   -0.357126    1.165791
    7   'Aprig'    0.962539    1.837528
    8   'Bprig'   -0.672113    0.272774
    9   'Cprig'   51.754963  324.898524
   10   'Dprig'   28.457714   28.841623
   11   'Auv'    0.000000    0.000000
   12   'Buv'    0.000000    0.000000
   21   'Adv'    0.000000    0.000000
   22   'Bdv'    0.000000    0.000000
   41   'AUbar'    0.070847    0.149847
   42   'BDbar'   -0.405851    0.609294
   43   'CDbar'    0.901903   30.670782
  101   'alphas'    0.118000    0.000000
  102   'fs'    0.400000    0.000000
  103   'fcharm'    0.000000    0.000000
