    2   'Bg'   -0.831033   45.515069
    3   'Cg'   -2.503880    0.733692
    7   'Aprig'    4.049993   12.634948
    8   'Bprig'   -0.984094    0.046186
    9   'Cprig'   25.666957 5127.220045
   10   'Dprig'   25.207701   81.843103
   11   'Auv'    0.000000    0.000000
   12   'Buv'    0.000000    0.000000
   21   'Adv'    0.000000    0.000000
   22   'Bdv'    0.000000    0.000000
   41   'AUbar'    1.002183    1.012692
   42   'BDbar'    0.335560    1.698249
   43   'CDbar'    7.064923  110.275805
  101   'alphas'    0.118000    0.000000
  102   'fs'    0.400000    0.000000
  103   'fcharm'    0.000000    0.000000
