    2   'Bg'    3.239024    8.600477
    3   'Cg'    1.714596    5.696558
    7   'Aprig'    1.509144    3.302765
    8   'Bprig'   -0.632115    1.533244
    9   'Cprig'   -0.760444    0.635797
   10   'Dprig'    2.724875    6.801349
   11   'Auv'    0.000000    0.000000
   12   'Buv'    0.000000    0.000000
   21   'Adv'    0.000000    0.000000
   22   'Bdv'    0.000000    0.000000
   41   'AUbar'    1.184902    2.881277
   42   'BDbar'    1.473152    6.757637
   43   'CDbar'    5.043808  261.403719
  101   'alphas'    0.118000    0.000000
  102   'fs'    0.400000    0.000000
  103   'fcharm'    0.000000    0.000000
