    2   'Bg'   -0.357134         NaN
    3   'Cg'   -0.970679         NaN
    7   'Aprig'    1.332353         NaN
    8   'Bprig'   -0.881863         NaN
    9   'Cprig'  132.901809         NaN
   10   'Dprig'   37.183859         NaN
   11   'Auv'    0.000000    0.000000
   12   'Buv'    0.000000    0.000000
   21   'Adv'    0.000000    0.000000
   22   'Bdv'    0.000000    0.000000
   41   'AUbar'    1.151756         NaN
   42   'BDbar'    0.749695         NaN
   43   'CDbar'  102.527271         NaN
  101   'alphas'    0.118000    0.000000
  102   'fs'    0.400000    0.000000
  103   'fcharm'    0.000000    0.000000
