    2   'Bg'   -0.599208         NaN
    3   'Cg'   10.620585         NaN
    7   'Aprig'    5.066488         NaN
    8   'Bprig'   -0.904472         NaN
    9   'Cprig'   -0.111961         NaN
   10   'Dprig'    7.534553         NaN
   11   'Auv'    0.000000    0.000000
   12   'Buv'    0.000000    0.000000
   21   'Adv'    0.000000    0.000000
   22   'Bdv'    0.000000    0.000000
   41   'AUbar'    2.101929         NaN
   42   'BDbar'    0.455504         NaN
   43   'CDbar'  167.197140         NaN
  101   'alphas'    0.118000    0.000000
  102   'fs'    0.400000    0.000000
  103   'fcharm'    0.000000    0.000000
