    2   'Bg'   -0.724591    1.620690
    3   'Cg'    6.010832   27.250672
    7   'Aprig'    0.830156    5.793945
    8   'Bprig'   -0.912075    0.404427
    9   'Cprig'   87.960776 5751.148634
   10   'Dprig'   16.142534  126.073308
   11   'Auv'    0.000000    0.000000
   12   'Buv'    0.000000    0.000000
   21   'Adv'    0.000000    0.000000
   22   'Bdv'    0.000000    0.000000
   41   'AUbar'    0.557315    0.584834
   42   'BDbar'    0.182977    0.453227
   43   'CDbar'    1.250315    8.817023
  101   'alphas'    0.118000    0.000000
  102   'fs'    0.400000    0.000000
  103   'fcharm'    0.000000    0.000000
