           1
        4041
 Starting scale only                                                             
Plot1@Experiment:StartingScaleOnly @ExtraLabel:#gamma#gamma #rightarrow X @XTitle: x @YTitle: F_{2}^{#gamma} @Title:Q^{2} = 17.5 @Xlog
 Q2          x           dummy          data      +- uncor     +- tot     th orig         th mod   therr+         therr-     pull    iset       iplot
 0.17500E+02 0.43900E-01 0.00000E+00 0.27300E+00 0.47895E-01 0.45607E-01 0.30108E+00 0.30108E+00 0.00000E+00 0.00000E+00 -.58620E+00 4041   1/0.43900E-01
 0.17500E+02 0.15340E+00 0.00000E+00 0.37500E+00 0.27274E-01 0.27459E-01 0.36997E+00 0.36997E+00 0.00000E+00 0.00000E+00 0.18435E+00 4041   1/0.15340E+00
 0.17500E+02 0.39450E+00 0.00000E+00 0.50100E+00 0.35414E-01 0.36125E-01 0.48148E+00 0.48148E+00 0.00000E+00 0.00000E+00 0.55107E+00 4041   1/0.39450E+00
 0.17800E+02 0.33000E-02 0.00000E+00 0.42800E+00 0.83172E-01 0.86977E-01 0.39137E+00 0.39137E+00 0.00000E+00 0.00000E+00 0.44043E+00 4041   1/0.33000E-02
 0.17800E+02 0.16600E-01 0.00000E+00 0.29500E+00 0.33396E-01 0.32202E-01 0.31728E+00 0.31728E+00 0.00000E+00 0.00000E+00 -.66711E+00 4041   1/0.16600E-01
 0.17800E+02 0.82100E-01 0.00000E+00 0.33600E+00 0.43355E-01 0.43966E-01 0.32673E+00 0.32673E+00 0.00000E+00 0.00000E+00 0.21371E+00 4041   1/0.82100E-01
 0.17800E+02 0.34830E+00 0.00000E+00 0.43000E+00 0.32137E-01 0.30871E-01 0.46600E+00 0.46600E+00 0.00000E+00 0.00000E+00 -.11203E+01 4041   1/0.34830E+00
 0.17300E+02 0.65000E-02 0.00000E+00 0.43000E+00 0.10537E+00 0.11611E+00 0.35412E+00 0.35412E+00 0.00000E+00 0.00000E+00 0.72019E+00 4041   1/0.65000E-02
 0.17300E+02 0.22400E-01 0.00000E+00 0.27000E+00 0.53570E-01 0.50961E-01 0.29836E+00 0.29836E+00 0.00000E+00 0.00000E+00 -.52943E+00 4041   1/0.22400E-01
 0.17300E+02 0.56250E-01 0.00000E+00 0.35000E+00 0.40722E-01 0.43658E-01 0.30451E+00 0.30451E+00 0.00000E+00 0.00000E+00 0.11172E+01 4041   1/0.56250E-01
 0.17300E+02 0.11370E+00 0.00000E+00 0.35000E+00 0.31443E-01 0.31765E-01 0.34294E+00 0.34294E+00 0.00000E+00 0.00000E+00 0.22441E+00 4041   1/0.11370E+00
 0.17300E+02 0.19580E+00 0.00000E+00 0.39000E+00 0.37728E-01 0.37577E-01 0.39314E+00 0.39314E+00 0.00000E+00 0.00000E+00 -.83325E-01 4041   1/0.19580E+00
 0.17300E+02 0.30265E+00 0.00000E+00 0.46000E+00 0.44047E-01 0.44777E-01 0.44512E+00 0.44512E+00 0.00000E+00 0.00000E+00 0.33786E+00 4041   1/0.30265E+00
 0.17300E+02 0.43489E+00 0.00000E+00 0.40000E+00 0.16735E+00 0.15047E+00 0.49479E+00 0.49479E+00 0.00000E+00 0.00000E+00 -.56639E+00 4041   1/0.43489E+00
 0.17300E+02 0.60369E+00 0.00000E+00 0.18000E+00 0.41038E+00 0.23577E+00 0.54534E+00 0.54534E+00 0.00000E+00 0.00000E+00 -.89027E+00 4041   1/0.60369E+00
