    2   'Bg'   -0.793015    0.308626
    3   'Cg'   -0.006204    1.177533
    7   'Aprig'    0.467857    0.264856
    8   'Bprig'   -0.843144    0.036770
    9   'Cprig'  143.543251  156.474731
   10   'Dprig'   23.895421   25.705612
   11   'Auv'    0.000000    0.000000
   12   'Buv'    0.000000    0.000000
   21   'Adv'    0.000000    0.000000
   22   'Bdv'    0.000000    0.000000
   41   'AUbar'    1.254310    0.260345
   42   'BDbar'    0.577222    0.172561
   43   'CDbar'    1.698486    1.847981
  101   'alphas'    0.118000    0.000000
  102   'fs'    0.400000    0.000000
  103   'fcharm'    0.000000    0.000000
