    2   'Bg'   -0.602513    2.056970
    3   'Cg'   -0.637203    2.123453
    7   'Aprig'    1.026261    2.433762
    8   'Bprig'   -0.750673    0.323501
    9   'Cprig'   21.825408  214.853862
   10   'Dprig'   25.438682   55.623111
   11   'Auv'    0.000000    0.000000
   12   'Buv'    0.000000    0.000000
   21   'Adv'    0.000000    0.000000
   22   'Bdv'    0.000000    0.000000
   41   'AUbar'    1.185837    2.192346
   42   'BDbar'    0.915979    2.598603
   43   'CDbar'   31.350586 2975.961085
  101   'alphas'    0.118000    0.000000
  102   'fs'    0.400000    0.000000
  103   'fcharm'    0.000000    0.000000
