    2   'Bg'    1.506361    5.764065
    3   'Cg'    7.914672   16.909773
    7   'Aprig'    0.907214    3.764648
    8   'Bprig'   -0.725265    0.541150
    9   'Cprig'   38.937451  567.701034
   10   'Dprig'   18.857495   86.836673
   11   'Auv'    0.000000    0.000000
   12   'Buv'    0.000000    0.000000
   21   'Adv'    0.000000    0.000000
   22   'Bdv'    0.000000    0.000000
   41   'AUbar'    0.601731    0.236610
   42   'BDbar'    0.304483    0.202177
   43   'CDbar'    0.755057    2.224420
  101   'alphas'    0.118000    0.000000
  102   'fs'    0.400000    0.000000
  103   'fcharm'    0.000000    0.000000
