    2   'Bg'   -0.707842    1.414189
    3   'Cg'   -1.188843    1.413790
    7   'Aprig'    0.683079    1.414212
    8   'Bprig'   -0.835454    1.409520
    9   'Cprig'   37.580553    1.414213
   10   'Dprig'   17.505324    1.414211
   11   'Auv'    0.000000    0.000000
   12   'Buv'    0.000000    0.000000
   21   'Adv'    0.000000    0.000000
   22   'Bdv'    0.000000    0.000000
   41   'AUbar'    1.657445    0.234374
   42   'BDbar'    0.135526    0.112203
   43   'CDbar'   61.532903    1.414209
  101   'alphas'    0.118000    0.000000
  102   'fs'    0.400000    0.000000
  103   'fcharm'    0.000000    0.000000
