    2   'Bg'  -13.350014    0.295226
    3   'Cg'   23.925840   12.119844
    7   'Aprig'   -0.117880    0.361966
    8   'Bprig'   -0.388251    0.902780
    9   'Cprig'    5.510532   31.426957
   10   'Dprig'   -2.696943    0.998406
   11   'Auv'    0.000000    0.000000
   12   'Buv'    0.000000    0.000000
   21   'Adv'    0.000000    0.000000
   22   'Bdv'    0.000000    0.000000
   41   'AUbar'    0.347970    0.040879
   42   'BDbar'   -0.142514    0.067631
   43   'CDbar'    2.852684    2.477983
  101   'alphas'    0.118000    0.000000
  102   'fs'    0.400000    0.000000
  103   'fcharm'    0.000000    0.000000
