    2   'Bg'    0.149429    8.382604
    3   'Cg'   -0.046841    7.009938
    7   'Aprig'    1.035130    4.289245
    8   'Bprig'   -0.651673    0.701510
    9   'Cprig'   17.818689  228.805531
   10   'Dprig'   25.705017   86.840954
   11   'Auv'    0.000000    0.000000
   12   'Buv'    0.000000    0.000000
   21   'Adv'    0.000000    0.000000
   22   'Bdv'    0.000000    0.000000
   41   'AUbar'    0.963138    2.335429
   42   'BDbar'    0.907904    4.689368
   43   'CDbar'    3.005509   82.392353
  101   'alphas'    0.118000    0.000000
  102   'fs'    0.400000    0.000000
  103   'fcharm'    0.000000    0.000000
