    2   'Bg'    9.112670   24.935950
    3   'Cg'    1.610531    6.561048
    7   'Aprig'    0.979172    1.515414
    8   'Bprig'   -0.631612    0.294028
    9   'Cprig'   10.206524   44.861782
   10   'Dprig'   24.641342   32.437313
   11   'Auv'    0.000000    0.000000
   12   'Buv'    0.000000    0.000000
   21   'Adv'    0.000000    0.000000
   22   'Bdv'    0.000000    0.000000
   41   'AUbar'    1.231166    0.546127
   42   'BDbar'    0.908602    1.289905
   43   'CDbar'   29.656486 2340.281274
  101   'alphas'    0.118000    0.000000
  102   'fs'    0.400000    0.000000
  103   'fcharm'    0.000000    0.000000
