           1
        4041
 Starting scale only                                                             
Plot1@Experiment:StartingScaleOnly @ExtraLabel:#gamma#gamma #rightarrow X @XTitle: x @YTitle: F_{2}^{#gamma} @Title:Q^{2} = 24.0 @Xlog
 Q2          x           dummy          data      +- uncor     +- tot     th orig         th mod   therr+         therr-     pull    iset       iplot
 0.24000E+02 0.50000E-01 0.00000E+00 0.51000E+00 0.11246E+00 0.15000E+00 0.28668E+00 0.28668E+00 0.00000E+00 0.00000E+00 0.19857E+01 4041   1/0.50000E-01
 0.24000E+02 0.15000E+00 0.00000E+00 0.29000E+00 0.13553E+00 0.12000E+00 0.36993E+00 0.36993E+00 0.00000E+00 0.00000E+00 -.58975E+00 4041   1/0.15000E+00
 0.24000E+02 0.30000E+00 0.00000E+00 0.34000E+00 0.11896E+00 0.10000E+00 0.48111E+00 0.48111E+00 0.00000E+00 0.00000E+00 -.11862E+01 4041   1/0.30000E+00
 0.24000E+02 0.50000E+00 0.00000E+00 0.59000E+00 0.12389E+00 0.12000E+00 0.62890E+00 0.62890E+00 0.00000E+00 0.00000E+00 -.31398E+00 4041   1/0.50000E+00
 0.24000E+02 0.75000E+00 0.00000E+00 0.23000E+00 0.20972E+00 0.12000E+00 0.70253E+00 0.70253E+00 0.00000E+00 0.00000E+00 -.22531E+01 4041   1/0.75000E+00
 0.25500E+02 0.31000E-01 0.00000E+00 0.31700E+00 0.28555E-01 0.28879E-01 0.30992E+00 0.30992E+00 0.00000E+00 0.00000E+00 0.24784E+00 4041 999/0.31000E-01
 0.25500E+02 0.50000E-01 0.00000E+00 0.29300E+00 0.23321E-01 0.22825E-01 0.30587E+00 0.30587E+00 0.00000E+00 0.00000E+00 -.55195E+00 4041 999/0.50000E-01
 0.25500E+02 0.75000E-01 0.00000E+00 0.31400E+00 0.23273E-01 0.23195E-01 0.31612E+00 0.31612E+00 0.00000E+00 0.00000E+00 -.91006E-01 4041 999/0.75000E-01
 0.25500E+02 0.10000E+00 0.00000E+00 0.33800E+00 0.29112E-01 0.28914E-01 0.34265E+00 0.34265E+00 0.00000E+00 0.00000E+00 -.15964E+00 4041 999/0.10000E+00
 0.25500E+02 0.14000E+00 0.00000E+00 0.38400E+00 0.29804E-01 0.30033E-01 0.37817E+00 0.37817E+00 0.00000E+00 0.00000E+00 0.19558E+00 4041 999/0.14000E+00
 0.25500E+02 0.18000E+00 0.00000E+00 0.40400E+00 0.25209E-01 0.25080E-01 0.40818E+00 0.40818E+00 0.00000E+00 0.00000E+00 -.16573E+00 4041 999/0.18000E+00
 0.25500E+02 0.23000E+00 0.00000E+00 0.44600E+00 0.28297E-01 0.28373E-01 0.44364E+00 0.44364E+00 0.00000E+00 0.00000E+00 0.83345E-01 4041 999/0.23000E+00
 0.25500E+02 0.29000E+00 0.00000E+00 0.48800E+00 0.29682E-01 0.29682E-01 0.48800E+00 0.48800E+00 0.00000E+00 0.00000E+00 -.95266E-04 4041 999/0.29000E+00
 0.25500E+02 0.36000E+00 0.00000E+00 0.55700E+00 0.34740E-01 0.35412E-01 0.53606E+00 0.53606E+00 0.00000E+00 0.00000E+00 0.60282E+00 4041 999/0.36000E+00
 0.25500E+02 0.42000E+00 0.00000E+00 0.61100E+00 0.41944E-01 0.42367E-01 0.59885E+00 0.59885E+00 0.00000E+00 0.00000E+00 0.28969E+00 4041 999/0.42000E+00
 0.25500E+02 0.49000E+00 0.00000E+00 0.68300E+00 0.71871E-01 0.74351E-01 0.63821E+00 0.63821E+00 0.00000E+00 0.00000E+00 0.62319E+00 4041 999/0.49000E+00
