    2   'Bg'   -0.896770    0.199729
    3   'Cg'   -0.999877    0.000057
    7   'Aprig'    0.859974    0.399182
    8   'Bprig'   -0.998445    0.000705
    9   'Cprig'  145.137594  988.554987
   10   'Dprig'   51.480305   24.615354
   11   'Auv'    0.000000    0.000000
   12   'Buv'    0.000000    0.000000
   21   'Adv'    0.000000    0.000000
   22   'Bdv'    0.000000    0.000000
   41   'AUbar'    1.679870    0.213696
   42   'BDbar'    0.845637    0.224840
   43   'CDbar'   45.595154  128.371287
  101   'alphas'    0.118000    0.000000
  102   'fs'    0.400000    0.000000
  103   'fcharm'    0.000000    0.000000
