    2   'Bg'    0.000000         NaN
    3   'Cg'    5.000000         NaN
    7   'Aprig'************    1.414214
    8   'Bprig'    1.000000    1.414214
    9   'Cprig'   25.000000    1.414214
   10   'Dprig'   25.000000    1.414214
   11   'Auv'    0.000000    0.000000
   12   'Buv'    0.000000    0.000000
   21   'Adv'    0.000000    0.000000
   22   'Bdv'    0.000000    0.000000
   41   'AUbar'    0.880174    0.135404
   42   'BDbar'    1.180036    0.301201
   43   'CDbar'   10.438387 2168.932785
  101   'alphas'    0.118000    0.000000
  102   'fs'    0.400000    0.000000
  103   'fcharm'    0.000000    0.000000
