    2   'Bg'   -0.688459    1.025477
    3   'Cg'   -0.401068    2.312057
    7   'Aprig'    1.073233    2.305637
    8   'Bprig'   -0.722505    0.389542
    9   'Cprig'    4.887057   44.444815
   10   'Dprig'   25.444687   58.261853
   11   'Auv'    0.000000    0.000000
   12   'Buv'    0.000000    0.000000
   21   'Adv'    0.000000    0.000000
   22   'Bdv'    0.000000    0.000000
   41   'AUbar'    1.402806    0.934198
   42   'BDbar'    0.774141    2.745625
   43   'CDbar'    5.707019  277.928070
  101   'alphas'    0.118000    0.000000
  102   'fs'    0.400000    0.000000
  103   'fcharm'    0.000000    0.000000
