    2   'Bg'   -1.000316    0.009694
    3   'Cg'   -0.989054    9.111355
    7   'Aprig'   57.989831    1.186202
    8   'Bprig'   -0.685573    0.021411
    9   'Cprig'    0.414891    0.174706
   10   'Dprig'  -14.303905    1.073538
   11   'Auv'    0.000000    0.000000
   12   'Buv'    0.000000    0.000000
   21   'Adv'    0.000000    0.000000
   22   'Bdv'    0.000000    0.000000
   41   'AUbar'    0.647910    0.022920
   42   'BDbar'   -0.718122    0.011041
   43   'CDbar'   17.723150    1.033765
  101   'alphas'    0.118000    0.000000
  102   'fs'    0.400000    0.000000
  103   'fcharm'    0.000000    0.000000
