    2   'Bg'    0.000000    0.647466
    3   'Cg'   -0.467091    0.221960
    7   'Aprig'    1.000000    0.666759
    8   'Bprig'   -0.723849    0.160037
    9   'Cprig'   25.000000 1305.087957
   10   'Dprig'   25.000000   14.237889
   11   'Auv'    0.000000    0.000000
   12   'Buv'    0.000000    0.000000
   21   'Adv'    0.000000    0.000000
   22   'Bdv'    0.000000    0.000000
   41   'AUbar'    1.000000    0.436454
   42   'BDbar'    1.000000    5.371077
   43   'CDbar'   10.000000   24.642504
  101   'alphas'    0.118000    0.000000
  102   'fs'    0.400000    0.000000
  103   'fcharm'    0.000000    0.000000
