           1
        4041
 Starting scale only                                                             
Plot1@Experiment:StartingScaleOnly @ExtraLabel:#gamma#gamma #rightarrow X @XTitle: x @YTitle: F_{2}^{#gamma} @Title:Q^{2} = 67.2 @Xlog
 Q2          x           dummy          data      +- uncor     +- tot     th orig         th mod   therr+         therr-     pull    iset       iplot
 0.67200E+02 0.21100E-01 0.00000E+00 0.57000E+00 0.12614E+00 0.14749E+00 0.41689E+00 0.41689E+00 0.00000E+00 0.00000E+00 0.12139E+01 4041   1/0.21100E-01
 0.67200E+02 0.65600E-01 0.00000E+00 0.43000E+00 0.48233E-01 0.47434E-01 0.44461E+00 0.44461E+00 0.00000E+00 0.00000E+00 -.30290E+00 4041   1/0.65600E-01
 0.67200E+02 0.13805E+00 0.00000E+00 0.47000E+00 0.50876E-01 0.50220E-01 0.48238E+00 0.48238E+00 0.00000E+00 0.00000E+00 -.24325E+00 4041   1/0.13805E+00
 0.67200E+02 0.23590E+00 0.00000E+00 0.50000E+00 0.45096E-01 0.43841E-01 0.52904E+00 0.52904E+00 0.00000E+00 0.00000E+00 -.64396E+00 4041   1/0.23590E+00
 0.67200E+02 0.35555E+00 0.00000E+00 0.60000E+00 0.51051E-01 0.52345E-01 0.57071E+00 0.57071E+00 0.00000E+00 0.00000E+00 0.57382E+00 4041   1/0.35555E+00
 0.67200E+02 0.49590E+00 0.00000E+00 0.66000E+00 0.82348E-01 0.85866E-01 0.60703E+00 0.60703E+00 0.00000E+00 0.00000E+00 0.64328E+00 4041   1/0.49590E+00
 0.67200E+02 0.65350E+00 0.00000E+00 0.65000E+00 0.13630E+00 0.13748E+00 0.63891E+00 0.63891E+00 0.00000E+00 0.00000E+00 0.81391E-01 4041   1/0.65350E+00
 0.67200E+02 0.84780E+00 0.00000E+00 0.66000E+00 0.15075E+00 0.14956E+00 0.67051E+00 0.67051E+00 0.00000E+00 0.00000E+00 -.69720E-01 4041   1/0.84780E+00
