    2   'Bg'    0.269974         NaN
    3   'Cg'   -1.108983         NaN
    7   'Aprig'    1.846070         NaN
    8   'Bprig'   16.259435         NaN
    9   'Cprig'   29.284616         NaN
   10   'Dprig'   24.404156         NaN
   11   'Auv'    0.000000    0.000000
   12   'Buv'    0.000000    0.000000
   21   'Adv'    0.000000    0.000000
   22   'Bdv'    0.000000    0.000000
   41   'AUbar'    1.295963         NaN
   42   'BDbar'    0.185464         NaN
   43   'CDbar'   27.202632         NaN
  101   'alphas'    0.118000    0.000000
  102   'fs'    0.400000    0.000000
  103   'fcharm'    0.000000    0.000000
