 !* 
 !* Swimming set from XFITTER for the HERAverager
 &Data
   Name = 'Swimming' 
   NData =          255
   NColumn = 5
   ColumnType = 4*'Bin','Sigma' 
   ColumnName = 'reaction index', 'x', 'Q2', 'y ', 'reduced x-section ' 
                                                     
   IndexDataset = 666
   Reaction = 'NC e+-p' 
                                                     
 &END
   615 0.19000E+01 0.35000E-02 0.00000E+00 0.19105E+00
   615 0.19000E+01 0.75000E-02 0.00000E+00 0.19720E+00
   615 0.19000E+01 0.15000E-01 0.00000E+00 0.19805E+00
   615 0.19000E+01 0.25000E-01 0.00000E+00 0.17860E+00
   615 0.19000E+01 0.40000E-01 0.00000E+00 0.16053E+00
   615 0.19000E+01 0.75000E-01 0.00000E+00 0.15457E+00
   615 0.19000E+01 0.12000E-02 0.00000E+00 0.16360E+00
   615 0.19000E+01 0.63000E-02 0.00000E+00 0.19733E+00
   615 0.19000E+01 0.32200E-01 0.00000E+00 0.16827E+00
   615 0.19000E+01 0.11240E+00 0.00000E+00 0.19769E+00
   615 0.18600E+01 0.40000E-02 0.00000E+00 0.19350E+00
   615 0.18600E+01 0.11000E-01 0.00000E+00 0.20580E+00
   615 0.18600E+01 0.28000E-01 0.00000E+00 0.17252E+00
   615 0.18600E+01 0.63000E-01 0.00000E+00 0.14954E+00
   615 0.24000E+01 0.63000E-01 0.00000E+00 0.17891E+00
   615 0.24000E+01 0.24000E+00 0.00000E+00 0.20889E+00
   615 0.24000E+01 0.53000E+00 0.00000E+00 0.24539E+00
   615 0.28000E+01 0.40000E-01 0.00000E+00 0.18713E+00
   615 0.28000E+01 0.11800E+00 0.00000E+00 0.23930E+00
   615 0.28000E+01 0.22700E+00 0.00000E+00 0.25978E+00
   615 0.28000E+01 0.45000E+00 0.00000E+00 0.26465E+00
   615 0.30000E+01 0.50000E-01 0.00000E+00 0.19268E+00
   615 0.30000E+01 0.15000E+00 0.00000E+00 0.26230E+00
   615 0.30000E+01 0.25000E+00 0.00000E+00 0.25471E+00
   615 0.30000E+01 0.40000E+00 0.00000E+00 0.20548E+00
   615 0.37600E+01 0.11000E-01 0.00000E+00 0.19366E+00
   615 0.37600E+01 0.28000E-01 0.00000E+00 0.20208E+00
   615 0.37600E+01 0.63000E-01 0.00000E+00 0.21235E+00
   615 0.37600E+01 0.14100E+00 0.00000E+00 0.27382E+00
   615 0.37000E+01 0.32000E-02 0.00000E+00 0.13727E+00
   615 0.37000E+01 0.14300E-01 0.00000E+00 0.19621E+00
   615 0.37000E+01 0.63900E-01 0.00000E+00 0.21149E+00
   615 0.37000E+01 0.19860E+00 0.00000E+00 0.29712E+00
   615 0.40000E+01 0.60000E+00 0.00000E+00 0.32562E+00
   615 0.43000E+01 0.10000E+00 0.00000E+00 0.23651E+00
   615 0.43000E+01 0.30500E+00 0.00000E+00 0.30335E+00
   615 0.43000E+01 0.62000E+00 0.00000E+00 0.33800E+00
   615 0.50000E+01 0.75000E-02 0.00000E+00 0.14700E+00
   615 0.50000E+01 0.15000E-01 0.00000E+00 0.20256E+00
   615 0.50000E+01 0.30000E-01 0.00000E+00 0.21774E+00
   615 0.50000E+01 0.50000E-01 0.00000E+00 0.22879E+00
   615 0.50000E+01 0.80000E-01 0.00000E+00 0.23239E+00
   615 0.50000E+01 0.15000E+00 0.00000E+00 0.30098E+00
   615 0.51000E+01 0.43000E-01 0.00000E+00 0.22761E+00
   615 0.51000E+01 0.13800E+00 0.00000E+00 0.29592E+00
   615 0.51000E+01 0.11000E+00 0.00000E+00 0.27988E+00
   615 0.51000E+01 0.27400E+00 0.00000E+00 0.34006E+00
   615 0.51000E+01 0.55000E+00 0.00000E+00 0.36469E+00
   615 0.52000E+01 0.50000E-01 0.00000E+00 0.23191E+00
   615 0.52000E+01 0.15000E+00 0.00000E+00 0.30408E+00
   615 0.52000E+01 0.25000E+00 0.00000E+00 0.33960E+00
   615 0.52000E+01 0.40000E+00 0.00000E+00 0.23493E+00
   615 0.53000E+01 0.53500E-01 0.00000E+00 0.23468E+00
   615 0.53000E+01 0.12300E+00 0.00000E+00 0.29054E+00
   615 0.53000E+01 0.24650E+00 0.00000E+00 0.34071E+00
   615 0.53000E+01 0.40450E+00 0.00000E+00 0.27026E+00
   615 0.53000E+01 0.57000E+00 0.00000E+00 0.37332E+00
   615 0.53000E+01 0.74500E+00 0.00000E+00 0.46308E+00
   615 0.59000E+01 0.46000E-01 0.00000E+00 0.24051E+00
   615 0.59000E+01 0.18700E+00 0.00000E+00 0.33128E+00
   615 0.59000E+01 0.46600E+00 0.00000E+00 0.36748E+00
   615 0.60000E+01 0.60000E+00 0.00000E+00 0.39518E+00
   615 0.68000E+01 0.70000E-01 0.00000E+00 0.25816E+00
   615 0.68000E+01 0.25000E+00 0.00000E+00 0.36431E+00
   615 0.68000E+01 0.50000E+00 0.00000E+00 0.39441E+00
   615 0.75000E+01 0.46000E-01 0.00000E+00 0.26059E+00
   615 0.75000E+01 0.18700E+00 0.00000E+00 0.35227E+00
   615 0.75000E+01 0.64900E+00 0.00000E+00 0.42302E+00
   615 0.85000E+01 0.60000E+00 0.00000E+00 0.44052E+00
   615 0.89000E+01 0.23500E-01 0.00000E+00 0.24887E+00
   615 0.89000E+01 0.10540E+00 0.00000E+00 0.32897E+00
   615 0.89000E+01 0.33310E+00 0.00000E+00 0.39821E+00
   615 0.90000E+01 0.60000E-01 0.00000E+00 0.28203E+00
   615 0.90000E+01 0.17500E+00 0.00000E+00 0.36180E+00
   615 0.90000E+01 0.42500E+00 0.00000E+00 0.44267E+00
   615 0.92000E+01 0.14500E+00 0.00000E+00 0.34985E+00
   615 0.92000E+01 0.38500E+00 0.00000E+00 0.37078E+00
   615 0.92000E+01 0.72000E+00 0.00000E+00 0.53009E+00
   615 0.99000E+01 0.39000E-01 0.00000E+00 0.27649E+00
   615 0.99000E+01 0.14000E+00 0.00000E+00 0.35421E+00
   615 0.99000E+01 0.28000E+00 0.00000E+00 0.40461E+00
   615 0.99000E+01 0.54000E+00 0.00000E+00 0.44756E+00
   615 0.10700E+02 0.21000E-02 0.00000E+00 -.70569E-02
   615 0.10700E+02 0.11700E-01 0.00000E+00 0.23516E+00
   615 0.10700E+02 0.63900E-01 0.00000E+00 0.29803E+00
   615 0.10700E+02 0.31430E+00 0.00000E+00 0.41546E+00
   615 0.10800E+02 0.55000E-01 0.00000E+00 0.29727E+00
   615 0.10800E+02 0.15000E+00 0.00000E+00 0.36641E+00
   615 0.10800E+02 0.25000E+00 0.00000E+00 0.40555E+00
   615 0.11000E+02 0.60000E-01 0.00000E+00 0.30039E+00
   615 0.11000E+02 0.17500E+00 0.00000E+00 0.37878E+00
   615 0.11000E+02 0.42500E+00 0.00000E+00 0.47292E+00
   615 0.12000E+02 0.40500E-01 0.00000E+00 0.29435E+00
   615 0.12000E+02 0.14650E+00 0.00000E+00 0.37442E+00
   615 0.12000E+02 0.32050E+00 0.00000E+00 0.42554E+00
   615 0.12000E+02 0.63750E+00 0.00000E+00 0.47229E+00
   615 0.12100E+02 0.17500E+00 0.00000E+00 0.38686E+00
   615 0.12100E+02 0.42500E+00 0.00000E+00 0.48555E+00
   615 0.12500E+02 0.60000E+00 0.00000E+00 0.47715E+00
   615 0.12400E+02 0.13000E-01 0.00000E+00 0.25235E+00
   615 0.12400E+02 0.31000E-01 0.00000E+00 0.28697E+00
   615 0.12400E+02 0.50000E-01 0.00000E+00 0.30559E+00
   615 0.12400E+02 0.75000E-01 0.00000E+00 0.30820E+00
   615 0.12400E+02 0.10000E+00 0.00000E+00 0.32316E+00
   615 0.12400E+02 0.14000E+00 0.00000E+00 0.37480E+00
   615 0.12400E+02 0.18000E+00 0.00000E+00 0.39098E+00
   615 0.12400E+02 0.23000E+00 0.00000E+00 0.41100E+00
   615 0.12400E+02 0.29000E+00 0.00000E+00 0.42563E+00
   615 0.12400E+02 0.36000E+00 0.00000E+00 0.42179E+00
   615 0.14500E+02 0.60000E-01 0.00000E+00 0.32522E+00
   615 0.14500E+02 0.17500E+00 0.00000E+00 0.40210E+00
   615 0.14500E+02 0.42500E+00 0.00000E+00 0.50560E+00
   615 0.14700E+02 0.71500E-01 0.00000E+00 0.32532E+00
   615 0.14700E+02 0.23050E+00 0.00000E+00 0.42427E+00
   615 0.14700E+02 0.42300E+00 0.00000E+00 0.50669E+00
   615 0.14700E+02 0.67900E+00 0.00000E+00 0.46135E+00
   615 0.14700E+02 0.71500E-01 0.00000E+00 0.32532E+00
   615 0.14700E+02 0.23050E+00 0.00000E+00 0.42427E+00
   615 0.14700E+02 0.42300E+00 0.00000E+00 0.50669E+00
   615 0.14700E+02 0.67900E+00 0.00000E+00 0.46135E+00
   615 0.15300E+02 0.55000E-01 0.00000E+00 0.32703E+00
   615 0.15300E+02 0.15000E+00 0.00000E+00 0.39768E+00
   615 0.15300E+02 0.25000E+00 0.00000E+00 0.43401E+00
   615 0.15300E+02 0.40000E+00 0.00000E+00 0.37919E+00
   615 0.16000E+02 0.85000E-01 0.00000E+00 0.31679E+00
   615 0.16000E+02 0.24000E+00 0.00000E+00 0.43400E+00
   615 0.16000E+02 0.55500E+00 0.00000E+00 0.51399E+00
   615 0.16700E+02 0.13000E-01 0.00000E+00 0.28047E+00
   615 0.16700E+02 0.31000E-01 0.00000E+00 0.31451E+00
   615 0.16700E+02 0.50000E-01 0.00000E+00 0.33125E+00
   615 0.16700E+02 0.75000E-01 0.00000E+00 0.33469E+00
   615 0.16700E+02 0.10000E+00 0.00000E+00 0.35169E+00
   615 0.16700E+02 0.14000E+00 0.00000E+00 0.40303E+00
   615 0.16700E+02 0.18000E+00 0.00000E+00 0.41573E+00
   615 0.16700E+02 0.23000E+00 0.00000E+00 0.43373E+00
   615 0.16700E+02 0.29000E+00 0.00000E+00 0.44973E+00
   615 0.16700E+02 0.36000E+00 0.00000E+00 0.44563E+00
   615 0.16700E+02 0.42000E+00 0.00000E+00 0.51837E+00
   615 0.17500E+02 0.43900E-01 0.00000E+00 0.33084E+00
   615 0.17500E+02 0.15340E+00 0.00000E+00 0.41118E+00
   615 0.17500E+02 0.39450E+00 0.00000E+00 0.39390E+00
   615 0.17800E+02 0.33000E-02 0.00000E+00 0.53936E-01
   615 0.17800E+02 0.16600E-01 0.00000E+00 0.29811E+00
   615 0.17800E+02 0.82100E-01 0.00000E+00 0.33256E+00
   615 0.17800E+02 0.34830E+00 0.00000E+00 0.45399E+00
   615 0.17300E+02 0.65000E-02 0.00000E+00 0.15818E+00
   615 0.17300E+02 0.22400E-01 0.00000E+00 0.30669E+00
   615 0.17300E+02 0.56250E-01 0.00000E+00 0.33831E+00
   615 0.17300E+02 0.11370E+00 0.00000E+00 0.40017E+00
   615 0.17300E+02 0.19580E+00 0.00000E+00 0.42426E+00
   615 0.17300E+02 0.30265E+00 0.00000E+00 0.45383E+00
   615 0.17300E+02 0.43489E+00 0.00000E+00 0.52368E+00
   615 0.17300E+02 0.60369E+00 0.00000E+00 0.51216E+00
   615 0.20000E+02 0.60000E+00 0.00000E+00 0.52655E+00
   615 0.19900E+02 0.17500E+00 0.00000E+00 0.42885E+00
   615 0.19900E+02 0.42500E+00 0.00000E+00 0.53423E+00
   615 0.20700E+02 0.55000E-01 0.00000E+00 0.35302E+00
   615 0.20700E+02 0.19000E+00 0.00000E+00 0.43658E+00
   615 0.20700E+02 0.38000E+00 0.00000E+00 0.44701E+00
   615 0.20700E+02 0.63000E+00 0.00000E+00 0.51868E+00
   615 0.23000E+02 0.11000E+00 0.00000E+00 0.42870E+00
   615 0.23000E+02 0.30000E+00 0.00000E+00 0.47441E+00
   615 0.23000E+02 0.50000E+00 0.00000E+00 0.55179E+00
   615 0.23000E+02 0.70000E+00 0.00000E+00 0.51637E+00
   615 0.23000E+02 0.90000E+00 0.00000E+00 0.44030E+00
   615 0.23100E+02 0.55000E-01 0.00000E+00 0.36257E+00
   615 0.23100E+02 0.15000E+00 0.00000E+00 0.43580E+00
   615 0.23100E+02 0.25000E+00 0.00000E+00 0.46321E+00
   615 0.23100E+02 0.40000E+00 0.00000E+00 0.41026E+00
   615 0.24000E+02 0.50000E-01 0.00000E+00 0.36341E+00
   615 0.24000E+02 0.15000E+00 0.00000E+00 0.43924E+00
   615 0.24000E+02 0.30000E+00 0.00000E+00 0.47724E+00
   615 0.24000E+02 0.50000E+00 0.00000E+00 0.55474E+00
   615 0.24000E+02 0.75000E+00 0.00000E+00 0.55987E+00
   615 0.25500E+02 0.31000E-01 0.00000E+00 0.35657E+00
   615 0.25500E+02 0.50000E-01 0.00000E+00 0.36886E+00
   615 0.25500E+02 0.75000E-01 0.00000E+00 0.37234E+00
   615 0.25500E+02 0.10000E+00 0.00000E+00 0.39253E+00
   615 0.25500E+02 0.14000E+00 0.00000E+00 0.44280E+00
   615 0.25500E+02 0.18000E+00 0.00000E+00 0.45131E+00
   615 0.25500E+02 0.23000E+00 0.00000E+00 0.46428E+00
   615 0.25500E+02 0.29000E+00 0.00000E+00 0.47945E+00
   615 0.25500E+02 0.36000E+00 0.00000E+00 0.47502E+00
   615 0.25500E+02 0.42000E+00 0.00000E+00 0.55256E+00
   615 0.25500E+02 0.49000E+00 0.00000E+00 0.55846E+00
   615 0.30000E+02 0.75000E-01 0.00000E+00 0.38606E+00
   615 0.30000E+02 0.22500E+00 0.00000E+00 0.47477E+00
   615 0.30000E+02 0.47500E+00 0.00000E+00 0.56784E+00
   615 0.30000E+02 0.70000E+00 0.00000E+00 0.52654E+00
   615 0.39700E+02 0.17500E+00 0.00000E+00 0.48579E+00
   615 0.39700E+02 0.42500E+00 0.00000E+00 0.58105E+00
   615 0.39700E+02 0.72500E+00 0.00000E+00 0.57035E+00
   615 0.41000E+02 0.75000E-01 0.00000E+00 0.41116E+00
   615 0.41000E+02 0.22500E+00 0.00000E+00 0.49676E+00
   615 0.41000E+02 0.47500E+00 0.00000E+00 0.58418E+00
   615 0.41000E+02 0.70000E+00 0.00000E+00 0.53317E+00
   615 0.45000E+02 0.17500E+00 0.00000E+00 0.49542E+00
   615 0.45000E+02 0.37500E+00 0.00000E+00 0.49776E+00
   615 0.45000E+02 0.62500E+00 0.00000E+00 0.55679E+00
   615 0.45000E+02 0.82500E+00 0.00000E+00 0.48152E+00
   615 0.60000E+02 0.51500E+00 0.00000E+00 0.59544E+00
   615 0.60000E+02 0.55000E+00 0.00000E+00 0.58914E+00
   615 0.60000E+02 0.35000E+00 0.00000E+00 0.52550E+00
   615 0.59000E+02 0.75000E-01 0.00000E+00 0.43968E+00
   615 0.59000E+02 0.22500E+00 0.00000E+00 0.52026E+00
   615 0.59000E+02 0.47500E+00 0.00000E+00 0.59899E+00
   615 0.59000E+02 0.70000E+00 0.00000E+00 0.53476E+00
   615 0.60000E+02 0.51500E+00 0.00000E+00 0.59544E+00
   615 0.60000E+02 0.55000E+00 0.00000E+00 0.58914E+00
   615 0.60000E+02 0.35000E+00 0.00000E+00 0.52550E+00
   615 0.67200E+02 0.21100E-01 0.00000E+00 0.45980E+00
   615 0.67200E+02 0.65600E-01 0.00000E+00 0.45415E+00
   615 0.67200E+02 0.13805E+00 0.00000E+00 0.52630E+00
   615 0.67200E+02 0.23590E+00 0.00000E+00 0.52927E+00
   615 0.67200E+02 0.35555E+00 0.00000E+00 0.52921E+00
   615 0.67200E+02 0.49590E+00 0.00000E+00 0.60111E+00
   615 0.67200E+02 0.65350E+00 0.00000E+00 0.54216E+00
   615 0.67200E+02 0.84780E+00 0.00000E+00 0.42522E+00
   615 0.73000E+02 0.25000E+00 0.00000E+00 0.53528E+00
   615 0.73000E+02 0.50000E+00 0.00000E+00 0.60270E+00
   615 0.73000E+02 0.75000E+00 0.00000E+00 0.53888E+00
   615 0.73000E+02 0.25000E+00 0.00000E+00 0.53528E+00
   615 0.73000E+02 0.50000E+00 0.00000E+00 0.60270E+00
   615 0.73000E+02 0.75000E+00 0.00000E+00 0.53888E+00
   615 0.76400E+02 0.17500E+00 0.00000E+00 0.53360E+00
   615 0.76400E+02 0.42500E+00 0.00000E+00 0.61181E+00
   615 0.76400E+02 0.72500E+00 0.00000E+00 0.56009E+00
   615 0.80000E+02 0.19000E+00 0.00000E+00 0.53678E+00
   615 0.80000E+02 0.45500E+00 0.00000E+00 0.61093E+00
   615 0.80000E+02 0.78500E+00 0.00000E+00 0.49839E+00
   615 0.90000E+02 0.55000E+00 0.00000E+00 0.59542E+00
   615 0.10000E+03 0.20000E+00 0.00000E+00 0.55049E+00
   615 0.10000E+03 0.45000E+00 0.00000E+00 0.61889E+00
   615 0.10000E+03 0.75000E+00 0.00000E+00 0.52782E+00
   615 0.12000E+03 0.13000E+00 0.00000E+00 0.57380E+00
   615 0.12000E+03 0.30000E+00 0.00000E+00 0.56011E+00
   615 0.12000E+03 0.50000E+00 0.00000E+00 0.61322E+00
   615 0.12000E+03 0.70000E+00 0.00000E+00 0.52592E+00
   615 0.12000E+03 0.89000E+00 0.00000E+00 0.31326E+00
   615 0.12500E+03 0.55000E+00 0.00000E+00 0.59803E+00
   615 0.13500E+03 0.20000E+00 0.00000E+00 0.56744E+00
   615 0.13500E+03 0.45000E+00 0.00000E+00 0.62747E+00
   615 0.13500E+03 0.70000E+00 0.00000E+00 0.52349E+00
   615 0.22500E+03 0.55000E+00 0.00000E+00 0.59951E+00
   615 0.28400E+03 0.17100E+00 0.00000E+00 0.61356E+00
   615 0.28400E+03 0.50000E+00 0.00000E+00 0.62269E+00
   615 0.28400E+03 0.80000E+00 0.00000E+00 0.41617E+00
   615 0.33800E+03 0.55000E+00 0.00000E+00 0.59818E+00
   615 0.39000E+03 0.31000E+00 0.00000E+00 0.59614E+00
   615 0.39000E+03 0.69000E+00 0.00000E+00 0.45506E+00
   615 0.78000E+03 0.27500E+00 0.00000E+00 0.62200E+00
   615 0.78000E+03 0.55000E+00 0.00000E+00 0.59177E+00
   615 0.78000E+03 0.84000E+00 0.00000E+00 0.30596E+00
   615 0.78000E+03 0.42500E+00 0.00000E+00 0.66420E+00
   615 0.78000E+03 0.72500E+00 0.00000E+00 0.47985E+00
