    2   'Bg'    7.917433    1.060817
    3   'Cg'   -0.999837    0.000028
    7   'Aprig'    3.799253    0.054050
    8   'Bprig'   -0.063524    0.003534
    9   'Cprig'   25.000000    0.000000
   10   'Dprig'************************
   11   'Auv'    0.000000    0.000000
   12   'Buv'    0.000000    0.000000
   21   'Adv'    0.000000    0.000000
   22   'Bdv'    0.000000    0.000000
   41   'AUbar'    1.854214    0.004470
   42   'BDbar'    0.932222    0.004455
   43   'CDbar'   14.362625    1.261551
  101   'alphas'    0.118000    0.000000
  102   'fs'    0.400000    0.000000
  103   'fcharm'    0.000000    0.000000
