           1
        4041
 Starting scale only                                                             
Plot1@Experiment:StartingScaleOnly @ExtraLabel:#gamma#gamma #rightarrow X @XTitle: x @YTitle: F_{2}^{#gamma} @Title:Q^{2} = 23.0/23.1 @Xlog
 Q2          x           dummy          data      +- uncor     +- tot     th orig         th mod   therr+         therr-     pull    iset       iplot
 0.23000E+02 0.11000E+00 0.00000E+00 0.36600E+00 0.92247E-01 0.89000E-01 0.39319E+00 0.39319E+00 0.00000E+00 0.00000E+00 -.29474E+00 4041   1/0.11000E+00
 0.23000E+02 0.30000E+00 0.00000E+00 0.67000E+00 0.79571E-01 0.86000E-01 0.57358E+00 0.57358E+00 0.00000E+00 0.00000E+00 0.12118E+01 4041   1/0.30000E+00
 0.23000E+02 0.50000E+00 0.00000E+00 0.72200E+00 0.10040E+00 0.10400E+00 0.67288E+00 0.67288E+00 0.00000E+00 0.00000E+00 0.48922E+00 4041   1/0.50000E+00
 0.23000E+02 0.70000E+00 0.00000E+00 0.69300E+00 0.11337E+00 0.11600E+00 0.66193E+00 0.66193E+00 0.00000E+00 0.00000E+00 0.27402E+00 4041   1/0.70000E+00
 0.23000E+02 0.90000E+00 0.00000E+00 0.40700E+00 0.25170E+00 0.22000E+00 0.53275E+00 0.53275E+00 0.00000E+00 0.00000E+00 -.49959E+00 4041   1/0.90000E+00
 0.23100E+02 0.55000E-01 0.00000E+00 0.40000E+00 0.55670E-01 0.56000E-01 0.39529E+00 0.39529E+00 0.00000E+00 0.00000E+00 0.84552E-01 4041   1/0.55000E-01
 0.23100E+02 0.15000E+00 0.00000E+00 0.44000E+00 0.53184E-01 0.55000E-01 0.41142E+00 0.41142E+00 0.00000E+00 0.00000E+00 0.53743E+00 4041   1/0.15000E+00
 0.23100E+02 0.25000E+00 0.00000E+00 0.47000E+00 0.56810E-01 0.54000E-01 0.52018E+00 0.52018E+00 0.00000E+00 0.00000E+00 -.88328E+00 4041   1/0.25000E+00
 0.23100E+02 0.40000E+00 0.00000E+00 0.44000E+00 0.14363E+00 0.12000E+00 0.63034E+00 0.63034E+00 0.00000E+00 0.00000E+00 -.13252E+01 4041   1/0.40000E+00
