    2   'Bg'   -0.977011    0.000322
    3   'Cg'    0.136548    0.030814
    7   'Aprig'   -4.509355    0.062241
    8   'Bprig'   -0.997957    0.000027
    9   'Cprig'   33.746145  735.792627
   10   'Dprig'    0.811663    0.034744
   11   'Auv'    0.000000    0.000000
   12   'Buv'    0.000000    0.000000
   21   'Adv'    0.000000    0.000000
   22   'Bdv'    0.000000    0.000000
   41   'AUbar'    0.906882    0.010533
   42   'BDbar'   -0.916374    0.005854
   43   'CDbar'  123.448641 5191.253726
  101   'alphas'    0.118000    0.000000
  102   'fs'    0.400000    0.000000
  103   'fcharm'    0.000000    0.000000
