    2   'Bg'   15.443791   11.456322
    3   'Cg'   -0.999947    0.000058
    7   'Aprig'    5.035371    2.499535
    8   'Bprig'   -0.997334    0.951577
    9   'Cprig'   -0.999970    0.000035
   10   'Dprig'    1.082261    2.311458
   11   'Auv'    0.000000    0.000000
   12   'Buv'    0.000000    0.000000
   21   'Adv'    0.000000    0.000000
   22   'Bdv'    0.000000    0.000000
   41   'AUbar'    0.476513    0.063450
   42   'BDbar'   -0.128694    0.073872
   43   'CDbar'    2.036660    2.945401
  101   'alphas'    0.118000    0.000000
  102   'fs'    0.400000    0.000000
  103   'fcharm'    0.000000    0.000000
