    2   'Bg'    2.649520   11.910059
    3   'Cg'    0.659079    7.591778
    7   'Aprig'    0.999996    2.054055
    8   'Bprig'   -0.777727    0.256677
    9   'Cprig'   25.000469  236.746144
   10   'Dprig'   24.999904   48.134934
   11   'Auv'    0.000000    0.000000
   12   'Buv'    0.000000    0.000000
   21   'Adv'    0.000000    0.000000
   22   'Bdv'    0.000000    0.000000
   41   'AUbar'    0.999848   77.787694
   42   'BDbar'    1.034253  384.769373
   43   'CDbar'    1.622706   62.461021
  101   'alphas'    0.118000    0.000000
  102   'fs'    0.400000    0.000000
  103   'fcharm'    0.000000    0.000000
