    2   'Bg'   -0.912203    1.120895
    3   'Cg'   -0.972746    0.239619
    7   'Aprig'    1.371488    8.413304
    8   'Bprig'   -0.865745    1.053194
    9   'Cprig'  169.750860  348.079751
   10   'Dprig'   33.432746  149.329299
   11   'Auv'    0.000000    0.000000
   12   'Buv'    0.000000    0.000000
   21   'Adv'    0.000000    0.000000
   22   'Bdv'    0.000000    0.000000
   41   'AUbar'    1.103737    0.257460
   42   'BDbar'    0.646365    0.894084
   43   'CDbar'    1.394537    1.300795
  101   'alphas'    0.118000    0.000000
  102   'fs'    0.400000    0.000000
  103   'fcharm'    0.000000    0.000000
