    2   'Bg'    0.389305         NaN
    3   'Cg'   -0.762059         NaN
    7   'Aprig'    1.036022         NaN
    8   'Bprig'   -0.657082         NaN
    9   'Cprig'    2.072673         NaN
   10   'Dprig'   25.146762         NaN
   11   'Auv'    0.000000    0.000000
   12   'Buv'    0.000000    0.000000
   21   'Adv'    0.000000    0.000000
   22   'Bdv'    0.000000    0.000000
   41   'AUbar'    0.259989         NaN
   42   'BDbar'    0.275712         NaN
   43   'CDbar'  168.156690         NaN
  101   'alphas'    0.118000    0.000000
  102   'fs'    0.400000    0.000000
  103   'fcharm'    0.000000    0.000000
