    2   'Bg'   13.103062   41.450054
    3   'Cg'    4.922956   16.880053
    7   'Aprig'    1.000232    3.267022
    8   'Bprig'   -0.723687    0.461410
    9   'Cprig'   24.980996  298.228143
   10   'Dprig'   25.003066   89.250659
   11   'Auv'    0.000000    0.000000
   12   'Buv'    0.000000    0.000000
   21   'Adv'    0.000000    0.000000
   22   'Bdv'    0.000000    0.000000
   41   'AUbar'    1.035916    7.031212
   42   'BDbar'    0.932795   44.560895
   43   'CDbar'    0.954320   18.468988
  101   'alphas'    0.118000    0.000000
  102   'fs'    0.400000    0.000000
  103   'fcharm'    0.000000    0.000000
