    2   'Bg'    1.898402   33.845472
    3   'Cg'    0.196012   27.218290
    7   'Aprig'    0.999111    9.862093
    8   'Bprig'   -0.537186    1.792564
    9   'Cprig'   25.045955  527.068333
   10   'Dprig'   24.987563  134.487468
   11   'Auv'    0.000000    0.000000
   12   'Buv'    0.000000    0.000000
   21   'Adv'    0.000000    0.000000
   22   'Bdv'    0.000000    0.000000
   41   'AUbar'    0.995914   56.120219
   42   'BDbar'    1.004300   69.447844
   43   'CDbar'    8.382700 1913.479297
  101   'alphas'    0.118000    0.000000
  102   'fs'    0.400000    0.000000
  103   'fcharm'    0.000000    0.000000
