           1
        4051
 Starting scale only                                                             
Plot1@Experiment:StartingScaleOnly @ExtraLabel:#gamma#gamma #rightarrow X @XTitle: x @YTitle: F_{2}^{#gamma} @Title:Q^{2} = 1.9 @Xlog
 Q2          x           dummy          data      +- uncor     +- tot     th orig         th mod   therr+         therr-     pull    iset       iplot
 0.19000E+01 0.35000E-02 0.00000E+00 0.20800E+00 0.29530E-01 0.29530E-01 0.21509E+00 0.21509E+00 0.00000E+00 0.00000E+00 -.23998E+00 4051   1/0.35000E-02
 0.19000E+01 0.75000E-02 0.00000E+00 0.18900E+00 0.15166E-01 0.15166E-01 0.18564E+00 0.18564E+00 0.00000E+00 0.00000E+00 0.22184E+00 4051   1/0.75000E-02
 0.19000E+01 0.15000E-01 0.00000E+00 0.18400E+00 0.11662E-01 0.11662E-01 0.18133E+00 0.18133E+00 0.00000E+00 0.00000E+00 0.22892E+00 4051   1/0.15000E-01
 0.19000E+01 0.25000E-01 0.00000E+00 0.19200E+00 0.90000E-02 0.90000E-02 0.18725E+00 0.18725E+00 0.00000E+00 0.00000E+00 0.52742E+00 4051   1/0.25000E-01
 0.19000E+01 0.40000E-01 0.00000E+00 0.19600E+00 0.10677E-01 0.10677E-01 0.19511E+00 0.19511E+00 0.00000E+00 0.00000E+00 0.83076E-01 4051   1/0.40000E-01
 0.19000E+01 0.75000E-01 0.00000E+00 0.19600E+00 0.19339E-01 0.19339E-01 0.20750E+00 0.20750E+00 0.00000E+00 0.00000E+00 -.59481E+00 4051   1/0.75000E-01
 0.19000E+01 0.12000E-02 0.00000E+00 0.26900E+00 0.37483E-01 0.37483E-01 0.26153E+00 0.26153E+00 0.00000E+00 0.00000E+00 0.19922E+00 4051   1/0.12000E-02
 0.19000E+01 0.63000E-02 0.00000E+00 0.17700E+00 0.18358E-01 0.18358E-01 0.19012E+00 0.19012E+00 0.00000E+00 0.00000E+00 -.71448E+00 4051   1/0.63000E-02
 0.19000E+01 0.32200E-01 0.00000E+00 0.17900E+00 0.98995E-02 0.98995E-02 0.19133E+00 0.19133E+00 0.00000E+00 0.00000E+00 -.12451E+01 4051   1/0.32200E-01
 0.19000E+01 0.11240E+00 0.00000E+00 0.22700E+00 0.15620E-01 0.15620E-01 0.21711E+00 0.21711E+00 0.00000E+00 0.00000E+00 0.63324E+00 4051   1/0.11240E+00
 0.18600E+01 0.40000E-02 0.00000E+00 0.27000E+00 0.67082E-01 0.67082E-01 0.20241E+00 0.20241E+00 0.00000E+00 0.00000E+00 0.10076E+01 4051   1/0.40000E-02
 0.18600E+01 0.11000E-01 0.00000E+00 0.22000E+00 0.44721E-01 0.44721E-01 0.17121E+00 0.17121E+00 0.00000E+00 0.00000E+00 0.10910E+01 4051   1/0.11000E-01
 0.18600E+01 0.28000E-01 0.00000E+00 0.20000E+00 0.63246E-01 0.63246E-01 0.18442E+00 0.18442E+00 0.00000E+00 0.00000E+00 0.24636E+00 4051   1/0.28000E-01
 0.18600E+01 0.63000E-01 0.00000E+00 0.23000E+00 0.44721E-01 0.44721E-01 0.20269E+00 0.20269E+00 0.00000E+00 0.00000E+00 0.61066E+00 4051   1/0.63000E-01
