    2   'Bg'   -0.791007    0.215615
    3   'Cg'   27.668835   12.809737
    7   'Aprig'    0.537310    0.003919
    8   'Bprig'   -0.992697    0.000049
    9   'Cprig'   25.000000    0.000000
   10   'Dprig'   70.240288   76.215781
   11   'Auv'    0.000000    0.000000
   12   'Buv'    0.000000    0.000000
   21   'Adv'    0.000000    0.000000
   22   'Bdv'    0.000000    0.000000
   41   'AUbar'    0.330106    0.002378
   42   'BDbar'    0.080046    0.007702
   43   'CDbar'   -0.990792    0.000086
  101   'alphas'    0.118000    0.000000
  102   'fs'    0.400000    0.000000
  103   'fcharm'    0.000000    0.000000
