           1
        4041
 Starting scale only                                                             
Plot1@Experiment:StartingScaleOnly @ExtraLabel:#gamma#gamma #rightarrow X @XTitle: x @YTitle: F_{2}^{#gamma} @Title:Q^{2} = 5.0/5.1 @Xlog
 Q2          x           dummy          data      +- uncor     +- tot     th orig         th mod   therr+         therr-     pull    iset       iplot
 0.50000E+01 0.75000E-02 0.00000E+00 0.35000E+00 0.59874E-01 0.61449E-01 0.33228E+00 0.33228E+00 0.00000E+00 0.00000E+00 0.29593E+00 4041   1/0.75000E-02
 0.50000E+01 0.15000E-01 0.00000E+00 0.30000E+00 0.37574E-01 0.37283E-01 0.30471E+00 0.30471E+00 0.00000E+00 0.00000E+00 -.12528E+00 4041   1/0.15000E-01
 0.50000E+01 0.30000E-01 0.00000E+00 0.27000E+00 0.22255E-01 0.21772E-01 0.28213E+00 0.28213E+00 0.00000E+00 0.00000E+00 -.54500E+00 4041   1/0.30000E-01
 0.50000E+01 0.50000E-01 0.00000E+00 0.27800E+00 0.14609E-01 0.14765E-01 0.27216E+00 0.27216E+00 0.00000E+00 0.00000E+00 0.40000E+00 4041   1/0.50000E-01
 0.50000E+01 0.80000E-01 0.00000E+00 0.27200E+00 0.14520E-01 0.14560E-01 0.27048E+00 0.27048E+00 0.00000E+00 0.00000E+00 0.10450E+00 4041   1/0.80000E-01
 0.50000E+01 0.15000E+00 0.00000E+00 0.27000E+00 0.36806E-01 0.36056E-01 0.28135E+00 0.28135E+00 0.00000E+00 0.00000E+00 -.30842E+00 4041   1/0.15000E+00
 0.51000E+01 0.43000E-01 0.00000E+00 0.33000E+00 0.49672E-01 0.53852E-01 0.28076E+00 0.28076E+00 0.00000E+00 0.00000E+00 0.99120E+00 4041   1/0.43000E-01
 0.51000E+01 0.13800E+00 0.00000E+00 0.29000E+00 0.41824E-01 0.42426E-01 0.28183E+00 0.28183E+00 0.00000E+00 0.00000E+00 0.19546E+00 4041   1/0.13800E+00
 0.51000E+01 0.11000E+00 0.00000E+00 0.22400E+00 0.37735E-01 0.33900E-01 0.27755E+00 0.27755E+00 0.00000E+00 0.00000E+00 -.14191E+01 4041   1/0.11000E+00
 0.51000E+01 0.27400E+00 0.00000E+00 0.37270E+00 0.51094E-01 0.56700E-01 0.30265E+00 0.30265E+00 0.00000E+00 0.00000E+00 0.13710E+01 4041   1/0.27400E+00
 0.51000E+01 0.55000E+00 0.00000E+00 0.30020E+00 0.45033E-01 0.43800E-01 0.31734E+00 0.31734E+00 0.00000E+00 0.00000E+00 -.38070E+00 4041   1/0.55000E+00
