    2   'Bg'   -0.718560    0.336789
    3   'Cg'    2.424125    2.987241
    7   'Aprig'    0.409776    0.454273
    8   'Bprig'   -0.692125    0.176346
    9   'Cprig'   17.373082  103.537303
   10   'Dprig'   44.019480   48.113270
   11   'Auv'    0.000000    0.000000
   12   'Buv'    0.000000    0.000000
   21   'Adv'    0.000000    0.000000
   22   'Bdv'    0.000000    0.000000
   41   'AUbar'    0.583408    0.107767
   42   'BDbar'    0.218516    0.085655
   43   'CDbar'    1.174797    1.519237
  101   'alphas'    0.118000    0.000000
  102   'fs'    0.400000    0.000000
  103   'fcharm'    0.000000    0.000000
