           1
        4043
 Starting scale only                                                             
Plot1@Experiment:StartingScaleOnly @ExtraLabel:#gamma#gamma #rightarrow X @XTitle: x @YTitle: F_{2}^{#gamma} @Title:Q^{2} = 3.7 @Xlog
 Q2          x           dummy          data      +- uncor     +- tot     th orig         th mod   therr+         therr-     pull    iset       iplot
 0.37600E+01 0.11000E-01 0.00000E+00 0.35000E+00 0.74086E-01 0.85440E-01 0.26316E+00 0.26316E+00 0.00000E+00 0.00000E+00 0.11721E+01 4043   1/0.11000E-01
 0.37600E+01 0.28000E-01 0.00000E+00 0.29000E+00 0.63455E-01 0.67082E-01 0.25949E+00 0.25949E+00 0.00000E+00 0.00000E+00 0.48089E+00 4043   1/0.28000E-01
 0.37600E+01 0.63000E-01 0.00000E+00 0.32000E+00 0.58317E-01 0.63246E-01 0.27207E+00 0.27207E+00 0.00000E+00 0.00000E+00 0.82197E+00 4043   1/0.63000E-01
 0.37600E+01 0.14100E+00 0.00000E+00 0.32000E+00 0.58040E-01 0.58310E-01 0.31705E+00 0.31705E+00 0.00000E+00 0.00000E+00 0.50758E-01 4043   1/0.14100E+00
 0.37000E+01 0.32000E-02 0.00000E+00 0.26900E+00 0.51767E-01 0.51856E-01 0.26808E+00 0.26808E+00 0.00000E+00 0.00000E+00 0.17802E-01 4043   1/0.32000E-02
 0.37000E+01 0.14300E-01 0.00000E+00 0.23200E+00 0.26376E-01 0.25554E-01 0.24718E+00 0.24718E+00 0.00000E+00 0.00000E+00 -.57542E+00 4043   1/0.14300E-01
 0.37000E+01 0.63900E-01 0.00000E+00 0.25900E+00 0.14203E-01 0.14142E-01 0.26123E+00 0.26123E+00 0.00000E+00 0.00000E+00 -.15712E+00 4043   1/0.63900E-01
 0.37000E+01 0.19860E+00 0.00000E+00 0.29600E+00 0.28582E-01 0.28653E-01 0.29453E+00 0.29453E+00 0.00000E+00 0.00000E+00 0.51406E-01 4043   1/0.19860E+00
