    2   'Bg'   -0.687456    0.207335
    3   'Cg'   -0.960536    0.024899
    7   'Aprig'    1.356677    0.733149
    8   'Bprig'   -0.909207    0.031869
    9   'Cprig'  169.363865  445.106719
   10   'Dprig'   32.264583   18.476436
   11   'Auv'    0.000000    0.000000
   12   'Buv'    0.000000    0.000000
   21   'Adv'    0.000000    0.000000
   22   'Bdv'    0.000000    0.000000
   41   'AUbar'    1.938728    2.750691
   42   'BDbar'    1.215577    0.772821
   43   'CDbar'    7.419024   66.933459
  101   'alphas'    0.118000    0.000000
  102   'fs'    0.400000    0.000000
  103   'fcharm'    0.000000    0.000000
