           1
        4041
 Starting scale only                                                             
Plot1@Experiment:StartingScaleOnly @ExtraLabel:#gamma#gamma #rightarrow X @XTitle: x @YTitle: F_{2}^{#gamma} @Title:Q^{2} = 12.5 @Xlog
 Q2          x           dummy          data      +- uncor     +- tot     th orig         th mod   therr+         therr-     pull    iset       iplot
 0.12500E+02 0.60000E+00 0.00000E+00 0.29000E+00 0.76606E-01 0.60000E-01 0.47274E+00 0.47274E+00 0.00000E+00 0.00000E+00 -.23854E+01 4041   1/0.60000E+00
 0.12400E+02 0.13000E-01 0.00000E+00 0.30200E+00 0.39310E-01 0.41061E-01 0.27680E+00 0.27680E+00 0.00000E+00 0.00000E+00 0.64108E+00 4041   1/0.13000E-01
 0.12400E+02 0.31000E-01 0.00000E+00 0.24500E+00 0.26630E-01 0.25729E-01 0.26245E+00 0.26245E+00 0.00000E+00 0.00000E+00 -.65541E+00 4041   1/0.31000E-01
 0.12400E+02 0.50000E-01 0.00000E+00 0.25700E+00 0.29118E-01 0.28178E-01 0.27444E+00 0.27444E+00 0.00000E+00 0.00000E+00 -.59884E+00 4041   1/0.50000E-01
 0.12400E+02 0.75000E-01 0.00000E+00 0.29600E+00 0.31701E-01 0.31765E-01 0.29482E+00 0.29482E+00 0.00000E+00 0.00000E+00 0.37326E-01 4041   1/0.75000E-01
 0.12400E+02 0.10000E+00 0.00000E+00 0.31500E+00 0.35674E-01 0.35242E-01 0.32277E+00 0.32277E+00 0.00000E+00 0.00000E+00 -.21781E+00 4041   1/0.10000E+00
 0.12400E+02 0.14000E+00 0.00000E+00 0.36500E+00 0.41151E-01 0.41629E-01 0.35666E+00 0.35666E+00 0.00000E+00 0.00000E+00 0.20275E+00 4041   1/0.14000E+00
 0.12400E+02 0.18000E+00 0.00000E+00 0.39900E+00 0.45879E-01 0.46765E-01 0.38402E+00 0.38402E+00 0.00000E+00 0.00000E+00 0.32648E+00 4041   1/0.18000E+00
 0.12400E+02 0.23000E+00 0.00000E+00 0.44100E+00 0.51553E-01 0.53348E-01 0.41182E+00 0.41182E+00 0.00000E+00 0.00000E+00 0.56596E+00 4041   1/0.23000E+00
 0.12400E+02 0.29000E+00 0.00000E+00 0.48300E+00 0.56168E-01 0.59034E-01 0.43725E+00 0.43725E+00 0.00000E+00 0.00000E+00 0.81454E+00 4041   1/0.29000E+00
 0.12400E+02 0.36000E+00 0.00000E+00 0.53600E+00 0.62902E-01 0.68081E-01 0.45756E+00 0.45756E+00 0.00000E+00 0.00000E+00 0.12470E+01 4041   1/0.36000E+00
