    2   'Bg'   -0.734259    0.179915
    3   'Cg'   -0.945934    0.015038
    7   'Aprig'    0.943194    0.181529
    8   'Bprig'   -0.890707    0.021207
    9   'Cprig'   14.861806  200.200825
   10   'Dprig'   23.811240    5.333410
   11   'Auv'    0.000000    0.000000
   12   'Buv'    0.000000    0.000000
   21   'Adv'    0.000000    0.000000
   22   'Bdv'    0.000000    0.000000
   41   'AUbar'    0.870816    0.142625
   42   'BDbar'    0.916984    0.236469
   43   'CDbar'    0.334352    0.805075
  101   'alphas'    0.118000    0.000000
  102   'fs'    0.400000    0.000000
  103   'fcharm'    0.000000    0.000000
