    2   'Bg'    1.166089   16.954295
    3   'Cg'   -0.811996    1.643554
    7   'Aprig'    1.251304   14.123184
    8   'Bprig'   -0.768455    2.036014
    9   'Cprig'   45.789859 2103.702357
   10   'Dprig'   30.485603  287.299300
   11   'Auv'    0.000000    0.000000
   12   'Buv'    0.000000    0.000000
   21   'Adv'    0.000000    0.000000
   22   'Bdv'    0.000000    0.000000
   41   'AUbar'    0.481589    4.032111
   42   'BDbar'    0.778126   22.848399
   43   'CDbar'   90.16421543696.031714
  101   'alphas'    0.118000    0.000000
  102   'fs'    0.400000    0.000000
  103   'fcharm'    0.000000    0.000000
